
Lychee
Rambutan
Pulasan
Longan
Mamoncillo
Matoa
Ackee
Guarana
Soapberry
Maple
HorseChestnut
Lansium
Mangosteen
Bacuri
Gulupa
Soursop
SugarApple
Atemoya
Jaboticaba
ZapoteNegro
Lychee
0.0
4.0
4.0
4.0
4.0
4.0
4.0
4.0
4.0
4.0
4.0
6.0
8.0
8.0
8.0
8.0
8.0
8.0
8.0
8.0
Rambutan
4.0
0.0
2.0
4.0
4.0
4.0
4.0
4.0
4.0
4.0
4.0
6.0
8.0
8.0
8.0
8.0
8.0
8.0
8.0
8.0
Pulasan
4.0
2.0
0.0
4.0
4.0
4.0
4.0
4.0
4.0
4.0
4.0
6.0
8.0
8.0
8.0
8.0
8.0
8.0
8.0
8.0
Longan
4.0
4.0
4.0
0.0
4.0
4.0
4.0
4.0
4.0
4.0
4.0
6.0
8.0
8.0
8.0
8.0
8.0
8.0
8.0
8.0
Mamoncillo
4.0
4.0
4.0
4.0
0.0
4.0
4.0
4.0
4.0
4.0
4.0
6.0
8.0
8.0
8.0
8.0
8.0
8.0
8.0
8.0
Matoa
4.0
4.0
4.0
4.0
4.0
0.0
4.0
4.0
4.0
4.0
4.0
6.0
8.0
8.0
8.0
8.0
8.0
8.0
8.0
8.0
Ackee
4.0
4.0
4.0
4.0
4.0
4.0
0.0
4.0
4.0
4.0
4.0
6.0
8.0
8.0
8.0
8.0
8.0
8.0
8.0
8.0
Guarana
4.0
4.0
4.0
4.0
4.0
4.0
4.0
0.0
4.0
4.0
4.0
6.0
8.0
8.0
8.0
8.0
8.0
8.0
8.0
8.0
Soapberry
4.0
4.0
4.0
4.0
4.0
4.0
4.0
4.0
0.0
4.0
4.0
6.0
8.0
8.0
8.0
8.0
8.0
8.0
8.0
8.0
Maple
4.0
4.0
4.0
4.0
4.0
4.0
4.0
4.0
4.0
0.0
4.0
6.0
8.0
8.0
8.0
8.0
8.0
8.0
8.0
8.0
HorseChestnut
4.0
4.0
4.0
4.0
4.0
4.0
4.0
4.0
4.0
4.0
0.0
6.0
8.0
8.0
8.0
8.0
8.0
8.0
8.0
8.0
Lansium
6.0
6.0
6.0
6.0
6.0
6.0
6.0
6.0
6.0
6.0
6.0
0.0
8.0
8.0
8.0
8.0
8.0
8.0
8.0
8.0
Mangosteen
8.0
8.0
8.0
8.0
8.0
8.0
8.0
8.0
8.0
8.0
8.0
8.0
0.0
4.0
6.0
8.0
8.0
8.0
8.0
8.0
Bacuri
8.0
8.0
8.0
8.0
8.0
8.0
8.0
8.0
8.0
8.0
8.0
8.0
4.0
0.0
6.0
8.0
8.0
8.0
8.0
8.0
Gulupa
8.0
8.0
8.0
8.0
8.0
8.0
8.0
8.0
8.0
8.0
8.0
8.0
6.0
6.0
0.0
8.0
8.0
8.0
8.0
8.0
Soursop
8.0
8.0
8.0
8.0
8.0
8.0
8.0
8.0
8.0
8.0
8.0
8.0
8.0
8.0
8.0
0.0
2.0
2.0
8.0
8.0
SugarApple
8.0
8.0
8.0
8.0
8.0
8.0
8.0
8.0
8.0
8.0
8.0
8.0
8.0
8.0
8.0
2.0
0.0
2.0
8.0
8.0
Atemoya
8.0
8.0
8.0
8.0
8.0
8.0
8.0
8.0
8.0
8.0
8.0
8.0
8.0
8.0
8.0
2.0
2.0
0.0
8.0
8.0
Jaboticaba
8.0
8.0
8.0
8.0
8.0
8.0
8.0
8.0
8.0
8.0
8.0
8.0
8.0
8.0
8.0
8.0
8.0
8.0
0.0
8.0
ZapoteNegro
8.0
8.0
8.0
8.0
8.0
8.0
8.0
8.0
8.0
8.0
8.0
8.0
8.0
8.0
8.0
8.0
8.0
8.0
8.0
0.0
